0 1
1 1
2 1
3 1
4 1
5 1
6 0.996951219512195
7 0.996951219512195
8 0.996951219512195
9 0.993920972644377
10 0.993920972644377
11 0.993920972644377
12 0.990909090909091
13 0.990909090909091
14 0.987915407854985
15 0.987915407854985
16 0.984939759036145
17 0.984939759036145
18 0.981981981981982
19 0.979041916167665
20 0.979041916167665
21 0.976119402985075
22 0.973214285714286
23 0.973214285714286
24 0.970326409495549
25 0.967455621301775
26 0.964601769911504
27 0.961764705882353
28 0.958944281524927
29 0.956140350877193
30 0.9533527696793
31 0.950581395348837
32 0.945086705202312
33 0.942363112391931
34 0.939655172413793
35 0.936962750716332
36 0.934285714285714
37 0.928977272727273
38 0.926345609065156
39 0.92112676056338
40 0.915966386554622
41 0.91340782122905
42 0.910863509749304
43 0.905817174515235
44 0.900826446280992
45 0.895890410958904
46 0.895890410958904
47 0.89344262295082
48 0.89344262295082
49 0.89344262295082
50 0.891008174386921
51 0.888586956521739
52 0.886178861788618
53 0.883783783783784
54 0.886178861788618
55 0.888586956521739
56 0.891008174386921
57 0.89344262295082
58 0.89344262295082
59 0.89344262295082
60 0.89344262295082
61 0.891008174386921
62 0.891008174386921
63 0.888586956521739
64 0.883783783783784
65 0.881401617250674
66 0.879032258064516
67 0.881401617250674
68 0.883783783783784
69 0.883783783783784
70 0.883783783783784
71 0.886178861788618
72 0.888586956521739
73 0.888586956521739
74 0.886178861788618
75 0.886178861788618
76 0.881401617250674
77 0.883783783783784
78 0.888586956521739
79 0.888586956521739
80 0.891008174386921
81 0.886178861788618
82 0.891008174386921
83 0.891008174386921
84 0.888586956521739
85 0.89344262295082
86 0.89344262295082
87 0.898351648351648
88 0.898351648351648
89 0.900826446280992
90 0.903314917127072
91 0.903314917127072
92 0.908333333333333
93 0.905817174515235
94 0.903314917127072
95 0.905817174515235
96 0.905817174515235
97 0.910863509749304
98 0.91340782122905
99 0.91340782122905
100 0.91340782122905
101 0.918539325842697
102 0.923728813559322
103 0.926345609065156
104 0.928977272727273
105 0.931623931623932
106 0.934285714285714
107 0.934285714285714
108 0.936962750716332
109 0.936962750716332
110 0.934285714285714
111 0.936962750716332
112 0.939655172413793
113 0.936962750716332
114 0.939655172413793
115 0.942363112391931
116 0.945086705202312
117 0.945086705202312
118 0.947826086956522
119 0.9533527696793
120 0.956140350877193
121 0.958944281524927
122 0.961764705882353
123 0.961764705882353
124 0.961764705882353
125 0.964601769911504
126 0.967455621301775
127 0.970326409495549
128 0.970326409495549
129 0.964601769911504
130 0.964601769911504
131 0.967455621301775
132 0.970326409495549
133 0.970326409495549
134 0.973214285714286
135 0.976119402985075
136 0.979041916167665
137 0.979041916167665
138 0.981981981981982
139 0.984939759036145
140 0.984939759036145
141 0.987915407854985
142 0.987915407854985
143 0.990909090909091
144 0.990909090909091
145 0.993920972644377
146 0.993920972644377
147 0.993920972644377
148 0.996951219512195
149 0.996951219512195
150 0.996951219512195
151 0.996951219512195
152 1
153 1
154 1
155 1
156 1
